       4.0000000e+00      -2.3220000e+01       0.0000000e+00
       4.0500000e+00      -2.2680000e+01       7.6192176e-02
       4.1000000e+00      -2.2300000e+01       1.0353248e-01
       4.1500000e+00      -2.2000000e+01       1.1714479e-01
       4.2000000e+00      -2.1850000e+01       1.2593618e-01
       4.2500000e+00      -2.1860000e+01       1.3429646e-01
       4.3000000e+00      -2.1940000e+01       1.4479266e-01
       4.3500000e+00      -2.2020000e+01       1.5895163e-01
       4.4000000e+00      -2.2060000e+01       1.7708644e-01
       4.4500000e+00      -2.2050000e+01       1.9805874e-01
       4.5000000e+00      -2.2000000e+01       2.1999616e-01
       4.5500000e+00      -2.1930000e+01       2.4143992e-01
       4.6000000e+00      -2.1850000e+01       2.6169083e-01
       4.6500000e+00      -2.1750000e+01       2.8017947e-01
       4.7000000e+00      -2.1660000e+01       2.9683836e-01
       4.7500000e+00      -2.1570000e+01       3.1203145e-01
       4.8000000e+00      -2.1480000e+01       3.2588771e-01
       4.8500000e+00      -2.1410000e+01       3.3880885e-01
       4.9000000e+00      -2.1350000e+01       3.5128884e-01
       4.9500000e+00      -2.1320000e+01       3.6391586e-01
       5.0000000e+00      -2.1320000e+01       3.7762168e-01
       5.0500000e+00      -2.1330000e+01       3.9318925e-01
       5.1000000e+00      -2.1320000e+01       4.1063325e-01
       5.1500000e+00      -2.1290000e+01       4.2930998e-01
       5.2000000e+00      -2.1260000e+01       4.4886692e-01
       5.2500000e+00      -2.1230000e+01       4.6934554e-01
       5.3000000e+00      -2.1210000e+01       4.9104479e-01
       5.3500000e+00      -2.1200000e+01       5.1457610e-01
       5.4000000e+00      -2.1230000e+01       5.4167958e-01
       5.4500000e+00      -2.1370000e+01       5.7939286e-01
       5.5000000e+00      -2.1600000e+01       6.4597699e-01
       5.5500000e+00      -2.1790000e+01       7.6552918e-01
       5.6000000e+00      -2.1910000e+01       9.5365622e-01
       5.6500000e+00      -2.1950000e+01       1.2039862e+00
       5.7000000e+00      -2.1960000e+01       1.5006203e+00
       5.7500000e+00      -2.1970000e+01       1.8412018e+00
       5.8000000e+00      -2.2030000e+01       2.2577440e+00
       5.8500000e+00      -2.2150000e+01       2.8391122e+00
       5.9000000e+00      -2.2240000e+01       3.6647751e+00
       5.9500000e+00      -2.2290000e+01       4.7463524e+00
       6.0000000e+00      -2.2320000e+01       6.0738238e+00
       6.0500000e+00      -2.2340000e+01       7.6499627e+00
       6.1000000e+00      -2.2340000e+01       9.4567410e+00
       6.1500000e+00      -2.2340000e+01       1.1483980e+01
       6.2000000e+00      -2.2330000e+01       1.3731202e+01
       6.2500000e+00      -2.2360000e+01       1.6319565e+01
       6.3000000e+00      -2.2440000e+01       1.9638753e+01
       6.3500000e+00      -2.2540000e+01       2.4237397e+01
       6.4000000e+00      -2.2630000e+01       3.0646581e+01
       6.4500000e+00      -2.2690000e+01       3.9151283e+01
       6.5000000e+00      -2.2740000e+01       4.9967056e+01
       6.5500000e+00      -2.2760000e+01       6.3076809e+01
       6.6000000e+00      -2.2790000e+01       7.8673238e+01
       6.6500000e+00      -2.2810000e+01       9.7191256e+01
       6.7000000e+00      -2.2830000e+01       1.1894803e+02
       6.7500000e+00      -2.2850000e+01       1.4451001e+02
       6.8000000e+00      -2.2860000e+01       1.7417342e+02
       6.8500000e+00      -2.2850000e+01       2.0741227e+02
       6.9000000e+00      -2.2840000e+01       2.4385795e+02
       6.9500000e+00      -2.2840000e+01       2.8430668e+02
       7.0000000e+00      -2.2830000e+01       3.2914466e+02
       7.0500000e+00      -2.2830000e+01       3.7890746e+02
       7.1000000e+00      -2.2850000e+01       4.3613361e+02
       7.1500000e+00      -2.2860000e+01       5.0254171e+02
       7.2000000e+00      -2.2870000e+01       5.7878840e+02
       7.2500000e+00      -2.2870000e+01       6.6526625e+02
       7.3000000e+00      -2.2870000e+01       7.6229598e+02
       7.3500000e+00      -2.2860000e+01       8.6985481e+02
       7.4000000e+00      -2.2850000e+01       9.8779072e+02
       7.4500000e+00      -2.2840000e+01       1.1171049e+03
       7.5000000e+00      -2.2830000e+01       1.2588950e+03
       7.5500000e+00      -2.2820000e+01       1.4143648e+03
       7.6000000e+00      -2.2800000e+01       1.5828046e+03
       7.6500000e+00      -2.2780000e+01       1.7632911e+03
       7.7000000e+00      -2.2760000e+01       1.9566858e+03
       7.7500000e+00      -2.2750000e+01       2.1664088e+03
       7.8000000e+00      -2.2730000e+01       2.3936278e+03
       7.8500000e+00      -2.2710000e+01       2.6370974e+03
       7.9000000e+00      -2.2690000e+01       2.8979798e+03
       7.9500000e+00      -2.2670000e+01       3.1775202e+03
       8.0000000e+00      -2.2650000e+01       3.4770532e+03
       8.0500000e+00      -2.2630000e+01       3.7980086e+03
       8.1000000e+00      -2.2600000e+01       4.1378692e+03
       8.1500000e+00      -2.2580000e+01       4.4979871e+03
       8.2000000e+00      -2.2560000e+01       4.8838603e+03
       8.2500000e+00      -2.2540000e+01       5.2973310e+03
       8.3000000e+00      -2.2520000e+01       5.7403728e+03
       8.3500000e+00      -2.2500000e+01       6.2151006e+03
       8.4000000e+00      -2.2480000e+01       6.7237806e+03
       8.4500000e+00      -2.2450000e+01       7.2624234e+03
       8.5000000e+00      -2.2430000e+01       7.8331717e+03
